service_id,monday,tuesday,wednesday,thursday,friday,saturday,sunday,start_date,end_date
JAN16-D01CAR-3_Sunday-95,0,0,0,0,0,0,1,20160131,20160619
JAN16-D01CAR-1_Weekday-95,1,1,1,1,1,0,0,20160201,20160624
JAN16-D01CAR-1_Weekday-95-1111100,1,1,1,1,1,0,0,20160201,20160624
JAN16-D01CAR-2_Saturday-95,0,0,0,0,0,1,0,20160206,20160625
JAN16-D02CAR-3_Sunday-99,0,0,0,0,0,0,1,20160131,20160619
JAN16-D02CAR-1_Weekday-99,1,1,1,1,1,0,0,20160201,20160624
JAN16-D02CAR-1_Weekday-99-1111100,1,1,1,1,1,0,0,20160201,20160624
JAN16-D02CAR-2_Saturday-99,0,0,0,0,0,1,0,20160206,20160625
JAN16-D03CAR-3_Sunday-99,0,0,0,0,0,0,1,20160131,20160619
JAN16-D03CAR-1_Weekday-99,1,1,1,1,1,0,0,20160201,20160624
JAN16-D03CAR-1_Weekday-99-0100000,0,1,0,0,0,0,0,20160201,20160624
JAN16-D03CAR-1_Weekday-99-1011100,1,0,1,1,1,0,0,20160201,20160624
JAN16-D03CAR-1_Weekday-99-1111100,1,1,1,1,1,0,0,20160201,20160624
JAN16-D03CAR-2_Saturday-99,0,0,0,0,0,1,0,20160206,20160625
JAN16-D05CAR-3_Sunday-99,0,0,0,0,0,0,1,20160131,20160619
JAN16-D05CAR-1_Weekday-99,1,1,1,1,1,0,0,20160201,20160624
JAN16-D05CAR-1_Weekday-99-1111100,1,1,1,1,1,0,0,20160201,20160624
JAN16-D05CAR-2_Saturday-99,0,0,0,0,0,1,0,20160206,20160625
JAN16-D07CAR-3_Sunday-99,0,0,0,0,0,0,1,20160131,20160619
JAN16-D07CAR-1_Weekday-95,1,1,1,1,1,0,0,20160201,20160624
JAN16-D07CAR-1_Weekday-95-0101000,0,1,0,1,0,0,0,20160201,20160624
JAN16-D07CAR-1_Weekday-95-1010100,1,0,1,0,1,0,0,20160201,20160624
JAN16-D07CAR-1_Weekday-95-1111100,1,1,1,1,1,0,0,20160201,20160624
JAN16-D07CAR-2_Saturday-99,0,0,0,0,0,1,0,20160206,20160625
JAN16-D08CAR-3_Sunday-99,0,0,0,0,0,0,1,20160131,20160619
JAN16-D08CAR-1_Weekday-99,1,1,1,1,1,0,0,20160201,20160624
JAN16-D08CAR-1_Weekday-99-1111100,1,1,1,1,1,0,0,20160201,20160624
JAN16-D08CAR-1_Weekday-99-1011100,1,0,1,1,1,0,0,20160201,20160624
JAN16-D08CAR-1_Weekday-99-0100000,0,1,0,0,0,0,0,20160201,20160624
JAN16-D08CAR-1_Weekday-99-0000100,0,0,0,0,1,0,0,20160201,20160624
JAN16-D08CAR-1_Weekday-99-1111000,1,1,1,1,0,0,0,20160201,20160624
JAN16-D08CAR-2_Saturday-99,0,0,0,0,0,1,0,20160206,20160625
JAN16-D09CAR-3_Sunday-99-0000001,0,0,0,0,0,0,1,20160131,20160619
JAN16-D09CAR-3_Sunday-99,0,0,0,0,0,0,1,20160131,20160619
JAN16-D09CAR-1_Weekday-96,1,1,1,1,1,0,0,20160201,20160624
JAN16-D09CAR-1_Weekday-96-0111100,0,1,1,1,1,0,0,20160201,20160624
JAN16-D09CAR-1_Weekday-96-1000000,1,0,0,0,0,0,0,20160201,20160624
JAN16-D09CAR-1_Weekday-96-1111100,1,1,1,1,1,0,0,20160201,20160624
JAN16-D09CAR-1_Weekday-96-0000100,0,0,0,0,1,0,0,20160201,20160624
JAN16-D09CAR-2_Saturday-99,0,0,0,0,0,1,0,20160206,20160625
JAN16-D09CAR-2_Saturday-99-0000010,0,0,0,0,0,1,0,20160206,20160625
JAN16-D10CAR-3_Sunday-95,0,0,0,0,0,0,1,20160131,20160619
JAN16-D10CAR-3_Sunday-95-0000001,0,0,0,0,0,0,1,20160131,20160619
JAN16-D10CAR-1_Weekday-95,1,1,1,1,1,0,0,20160201,20160624
JAN16-D10CAR-1_Weekday-95-1111000,1,1,1,1,0,0,0,20160201,20160624
JAN16-D10CAR-1_Weekday-95-0000100,0,0,0,0,1,0,0,20160201,20160624
JAN16-D10CAR-1_Weekday-95-1111100,1,1,1,1,1,0,0,20160201,20160624
JAN16-D10CAR-2_Saturday-95,0,0,0,0,0,1,0,20160206,20160625
JAN16-D10CAR-2_Saturday-95-0000010,0,0,0,0,0,1,0,20160206,20160625
JAN16-D13CAR-1_Weekday-95,1,1,1,1,1,0,0,20160201,20160624
JAN16-D13CAR-1_Weekday-95-1111100,1,1,1,1,1,0,0,20160201,20160624
JAN16-D15CAR-3_Sunday-95,0,0,0,0,0,0,1,20160131,20160619
JAN16-D15CAR-1_Weekday-95,1,1,1,1,1,0,0,20160201,20160624
JAN16-D15CAR-1_Weekday-95-1111100,1,1,1,1,1,0,0,20160201,20160624
JAN16-D15CAR-1_Weekday-95-0100000,0,1,0,0,0,0,0,20160201,20160624
JAN16-D15CAR-1_Weekday-95-1011100,1,0,1,1,1,0,0,20160201,20160624
JAN16-D15CAR-2_Saturday-95,0,0,0,0,0,1,0,20160206,20160625
JAN16-D18CAR-3_Sunday-99,0,0,0,0,0,0,1,20160131,20160619
JAN16-D18CAR-1_Weekday-96,1,1,1,1,1,0,0,20160201,20160624
JAN16-D18CAR-1_Weekday-96-1111100,1,1,1,1,1,0,0,20160201,20160624
JAN16-D18CAR-2_Saturday-99,0,0,0,0,0,1,0,20160206,20160625
JAN16-D95-3_Sunday-99,0,0,0,0,0,0,1,20160131,20160619
JAN16-D95-1_Weekday-99,1,1,1,1,1,0,0,20160201,20160624
JAN16-D95-2_Saturday-99,0,0,0,0,0,1,0,20160206,20160625
JAN16-D97-3_Sunday-99,0,0,0,0,0,0,1,20160131,20160619
JAN16-D97-1_Weekday-99,1,1,1,1,1,0,0,20160201,20160624
JAN16-D97-2_Saturday-99,0,0,0,0,0,1,0,20160206,20160625
JAN16-D98-3_Sunday-99,0,0,0,0,0,0,1,20160131,20160228
JAN16-D98-1_Weekday-99,1,1,1,1,1,0,0,20160201,20160229
JAN16-D98-2_Saturday-99,0,0,0,0,0,1,0,20160206,20160227
JAN16-D98-1_Weekday-70,1,1,1,1,1,0,0,20160301,20160624
JAN16-D98-2_Saturday-70,0,0,0,0,0,1,0,20160305,20160625
JAN16-D98-3_Sunday-70,0,0,0,0,0,0,1,20160306,20160619
RDEC15-801-3_Sunday-99,0,0,0,0,0,0,1,20151213,20160207
RDEC15-801-1_Weekday-99,1,1,1,1,1,0,0,20151214,20160211
RDEC15-801-1_Weekday-98,1,1,1,1,1,0,0,20151218,20160212
RDEC15-801-2_Saturday-99,0,0,0,0,0,1,0,20151219,20160213
RDEC15-804-3_Sunday-99,0,0,0,0,0,0,1,20151213,20160228
RDEC15-804-1_Weekday-99,1,1,1,1,1,0,0,20151214,20160303
RDEC15-804-1_Weekday-98,1,1,1,1,1,0,0,20151218,20160304
RDEC15-804-2_Saturday-99,0,0,0,0,0,1,0,20151219,20160227
RJUN16-804-3_Sunday-90,0,0,0,0,0,0,1,20160306,20160619
RJUN16-804-1_Weekday-50,1,1,1,1,1,0,0,20160307,20160623
RJUN16-804-1_Weekday-51,1,1,1,1,1,0,0,20160311,20160624
RJUN16-804-2_Saturday-90,0,0,0,0,0,1,0,20160305,20160625
RDEC15-803-3_Sunday-99,0,0,0,0,0,0,1,20151213,20160619
RDEC15-803-1_Weekday-99,1,1,1,1,1,0,0,20151214,20160623
RDEC15-803-1_Weekday-98,1,1,1,1,1,0,0,20151218,20160624
RDEC15-803-2_Saturday-99,0,0,0,0,0,1,0,20151219,20160625
RDEC15-802CAR-3_Sunday-99,0,0,0,0,0,0,1,20151213,20160619
RDEC15-802CAR-1_Weekday-99,1,1,1,1,1,0,0,20151214,20160623
RDEC15-802CAR-1_Weekday-98,1,1,1,1,1,0,0,20151218,20160624
RDEC15-802CAR-2_Saturday-99,0,0,0,0,0,1,0,20151219,20160625
RJUN16-801-3_Sunday-00,0,0,0,0,0,0,1,20160214,20160619
RJUN16-801-1_Weekday-01,1,1,1,1,1,0,0,20160215,20160623
RJUN16-801-1_Weekday-00,1,1,1,1,1,0,0,20160219,20160624
RJUN16-801-2_Saturday-00,0,0,0,0,0,1,0,20160220,20160625